BEGIN SCENE
0 0
0.25 0
7
0 0
0 0.25
0
0 0
0.25 0.25
2
0.25 0
0.5 0
8
0.25 0
0 0.25
7
0.25 0
0.25 0.25
2
0.25 0
0.5 0.25
2
0.5 0
0.75 0
8
0.5 0
0.25 0.25
7
0.5 0
0.5 0.25
2
0.5 0
0.75 0.25
2
0.75 0
1 0
9
0.75 0
0.5 0.25
8
0.75 0
0.75 0.25
2
0.75 0
1 0.25
2
1 0
1.25 0
9
1 0
0.75 0.25
8
1 0
1 0.25
3
1 0
1.25 0.25
7
1.25 0
1.5 0
10
1.25 0
1 0.25
8
1.25 0
1.25 0.25
3
1.25 0
1.5 0.25
7
1.5 0
1.75 0
11
1.5 0
1.25 0.25
8
1.5 0
1.5 0.25
3
1.5 0
1.75 0.25
7
1.75 0
2 0
11
1.75 0
1.5 0.25
8
1.75 0
1.75 0.25
3
1.75 0
2 0.25
7
2 0
2.25 0
11
2 0
1.75 0.25
8
2 0
2 0.25
3
2 0
2.25 0.25
7
2.25 0
2.5 0
11
2.25 0
2 0.25
8
2.25 0
2.25 0.25
3
2.25 0
2.5 0.25
8
2.5 0
2.75 0
11
2.5 0
2.25 0.25
8
2.5 0
2.5 0.25
4
2.5 0
2.75 0.25
8
2.75 0
3 0
11
2.75 0
2.5 0.25
9
2.75 0
2.75 0.25
4
2.75 0
3 0.25
8
3 0
3.25 0
11
3 0
2.75 0.25
9
3 0
3 0.25
3
3 0
3.25 0.25
9
3.25 0
3.5 0
11
3.25 0
3 0.25
8
3.25 0
3.25 0.25
4
3.25 0
3.5 0.25
9
3.5 0
3.75 0
11
3.5 0
3.25 0.25
8
3.5 0
3.5 0.25
4
3.5 0
3.75 0.25
8
3.75 0
4 0
11
3.75 0
3.5 0.25
8
3.75 0
3.75 0.25
3
3.75 0
4 0.25
8
4 0
4.25 0
11
4 0
3.75 0.25
7
4 0
4 0.25
3
4 0
4.25 0.25
8
4.25 0
4.5 0
11
4.25 0
4 0.25
7
4.25 0
4.25 0.25
3
4.25 0
4.5 0.25
8
4.5 0
4.75 0
10
4.5 0
4.25 0.25
7
4.5 0
4.5 0.25
3
4.5 0
4.75 0.25
8
4.75 0
5 0
9
4.75 0
4.5 0.25
7
4.75 0
4.75 0.25
3
4.75 0
5 0.25
8
5 0
5.25 0
9
5 0
4.75 0.25
7
5 0
5 0.25
3
5 0
5.25 0.25
8
5.25 0
5.5 0
8
5.25 0
5 0.25
2
5.25 0
5.25 0.25
2
5.25 0
5.5 0.25
8
5.5 0
5.75 0
8
5.5 0
5.25 0.25
2
5.5 0
5.5 0.25
2
5.5 0
5.75 0.25
7
5.75 0
6 0
7
5.75 0
5.5 0.25
2
5.75 0
5.75 0.25
2
5.75 0
6 0.25
7
6 0
5.75 0.25
2
6 0
6 0.25
0
0 0.25
0.25 0.25
7
0 0.25
0 0.5
0
0 0.25
0.25 0.5
3
0.25 0.25
0.5 0.25
7
0.25 0.25
0 0.5
8
0.25 0.25
0.25 0.5
2
0.25 0.25
0.5 0.5
3
0.5 0.25
0.75 0.25
8
0.5 0.25
0.25 0.5
8
0.5 0.25
0.5 0.5
2
0.5 0.25
0.75 0.5
2
0.75 0.25
1 0.25
8
0.75 0.25
0.5 0.5
8
0.75 0.25
0.75 0.5
2
0.75 0.25
1 0.5
2
1 0.25
1.25 0.25
8
1 0.25
0.75 0.5
8
1 0.25
1 0.5
2
1 0.25
1.25 0.5
2
1.25 0.25
1.5 0.25
8
1.25 0.25
1 0.5
8
1.25 0.25
1.25 0.5
2
1.25 0.25
1.5 0.5
2
1.5 0.25
1.75 0.25
9
1.5 0.25
1.25 0.5
8
1.5 0.25
1.5 0.5
2
1.5 0.25
1.75 0.5
2
1.75 0.25
2 0.25
9
1.75 0.25
1.5 0.5
8
1.75 0.25
1.75 0.5
2
1.75 0.25
2 0.5
2
2 0.25
2.25 0.25
9
2 0.25
1.75 0.5
8
2 0.25
2 0.5
2
2 0.25
2.25 0.5
2
2.25 0.25
2.5 0.25
9
2.25 0.25
2 0.5
8
2.25 0.25
2.25 0.5
2
2.25 0.25
2.5 0.5
2
2.5 0.25
2.75 0.25
10
2.5 0.25
2.25 0.5
8
2.5 0.25
2.5 0.5
2
2.5 0.25
2.75 0.5
2
2.75 0.25
3 0.25
10
2.75 0.25
2.5 0.5
8
2.75 0.25
2.75 0.5
2
2.75 0.25
3 0.5
2
3 0.25
3.25 0.25
10
3 0.25
2.75 0.5
8
3 0.25
3 0.5
2
3 0.25
3.25 0.5
8
3.25 0.25
3.5 0.25
10
3.25 0.25
3 0.5
2
3.25 0.25
3.25 0.5
2
3.25 0.25
3.5 0.5
8
3.5 0.25
3.75 0.25
9
3.5 0.25
3.25 0.5
2
3.5 0.25
3.5 0.5
2
3.5 0.25
3.75 0.5
8
3.75 0.25
4 0.25
9
3.75 0.25
3.5 0.5
2
3.75 0.25
3.75 0.5
2
3.75 0.25
4 0.5
8
4 0.25
4.25 0.25
9
4 0.25
3.75 0.5
2
4 0.25
4 0.5
2
4 0.25
4.25 0.5
8
4.25 0.25
4.5 0.25
9
4.25 0.25
4 0.5
2
4.25 0.25
4.25 0.5
2
4.25 0.25
4.5 0.5
8
4.5 0.25
4.75 0.25
8
4.5 0.25
4.25 0.5
2
4.5 0.25
4.5 0.5
2
4.5 0.25
4.75 0.5
8
4.75 0.25
5 0.25
8
4.75 0.25
4.5 0.5
2
4.75 0.25
4.75 0.5
2
4.75 0.25
5 0.5
8
5 0.25
5.25 0.25
8
5 0.25
4.75 0.5
2
5 0.25
5 0.5
2
5 0.25
5.25 0.5
8
5.25 0.25
5.5 0.25
8
5.25 0.25
5 0.5
2
5.25 0.25
5.25 0.5
2
5.25 0.25
5.5 0.5
8
5.5 0.25
5.75 0.25
7
5.5 0.25
5.25 0.5
2
5.5 0.25
5.5 0.5
2
5.5 0.25
5.75 0.5
8
5.75 0.25
6 0.25
7
5.75 0.25
5.5 0.5
3
5.75 0.25
5.75 0.5
2
5.75 0.25
6 0.5
7
6 0.25
5.75 0.5
3
6 0.25
6 0.5
2
0 0.5
0.25 0.5
2
0 0.5
0 0.75
0
0 0.5
0.25 0.75
3
0.25 0.5
0.5 0.5
2
0.25 0.5
0 0.75
8
0.25 0.5
0.25 0.75
7
0.25 0.5
0.5 0.75
3
0.5 0.5
0.75 0.5
2
0.5 0.5
0.25 0.75
7
0.5 0.5
0.5 0.75
7
0.5 0.5
0.75 0.75
3
0.75 0.5
1 0.5
2
0.75 0.5
0.5 0.75
7
0.75 0.5
0.75 0.75
7
0.75 0.5
1 0.75
3
1 0.5
1.25 0.5
2
1 0.5
0.75 0.75
7
1 0.5
1 0.75
7
1 0.5
1.25 0.75
3
1.25 0.5
1.5 0.5
2
1.25 0.5
1 0.75
7
1.25 0.5
1.25 0.75
7
1.25 0.5
1.5 0.75
3
1.5 0.5
1.75 0.5
2
1.5 0.5
1.25 0.75
7
1.5 0.5
1.5 0.75
7
1.5 0.5
1.75 0.75
3
1.75 0.5
2 0.5
2
1.75 0.5
1.5 0.75
7
1.75 0.5
1.75 0.75
7
1.75 0.5
2 0.75
3
2 0.5
2.25 0.5
2
2 0.5
1.75 0.75
7
2 0.5
2 0.75
7
2 0.5
2.25 0.75
3
2.25 0.5
2.5 0.5
2
2.25 0.5
2 0.75
7
2.25 0.5
2.25 0.75
7
2.25 0.5
2.5 0.75
3
2.5 0.5
2.75 0.5
2
2.5 0.5
2.25 0.75
7
2.5 0.5
2.5 0.75
7
2.5 0.5
2.75 0.75
3
2.75 0.5
3 0.5
2
2.75 0.5
2.5 0.75
7
2.75 0.5
2.75 0.75
7
2.75 0.5
3 0.75
3
3 0.5
3.25 0.5
2
3 0.5
2.75 0.75
7
3 0.5
3 0.75
7
3 0.5
3.25 0.75
7
3.25 0.5
3.5 0.5
2
3.25 0.5
3 0.75
3
3.25 0.5
3.25 0.75
7
3.25 0.5
3.5 0.75
7
3.5 0.5
3.75 0.5
2
3.5 0.5
3.25 0.75
3
3.5 0.5
3.5 0.75
7
3.5 0.5
3.75 0.75
7
3.75 0.5
4 0.5
2
3.75 0.5
3.5 0.75
3
3.75 0.5
3.75 0.75
7
3.75 0.5
4 0.75
7
4 0.5
4.25 0.5
2
4 0.5
3.75 0.75
3
4 0.5
4 0.75
7
4 0.5
4.25 0.75
7
4.25 0.5
4.5 0.5
2
4.25 0.5
4 0.75
3
4.25 0.5
4.25 0.75
7
4.25 0.5
4.5 0.75
7
4.5 0.5
4.75 0.5
2
4.5 0.5
4.25 0.75
3
4.5 0.5
4.5 0.75
7
4.5 0.5
4.75 0.75
7
4.75 0.5
5 0.5
2
4.75 0.5
4.5 0.75
3
4.75 0.5
4.75 0.75
7
4.75 0.5
5 0.75
7
5 0.5
5.25 0.5
2
5 0.5
4.75 0.75
3
5 0.5
5 0.75
7
5 0.5
5.25 0.75
7
5.25 0.5
5.5 0.5
2
5.25 0.5
5 0.75
3
5.25 0.5
5.25 0.75
7
5.25 0.5
5.5 0.75
7
5.5 0.5
5.75 0.5
2
5.5 0.5
5.25 0.75
3
5.5 0.5
5.5 0.75
7
5.5 0.5
5.75 0.75
8
5.75 0.5
6 0.5
2
5.75 0.5
5.5 0.75
3
5.75 0.5
5.75 0.75
7
5.75 0.5
6 0.75
8
6 0.5
5.75 0.75
2
6 0.5
6 0.75
7
0 0.75
0.25 0.75
2
0 0.75
0 1
0
0 0.75
0.25 1
2
0.25 0.75
0.5 0.75
2
0.25 0.75
0 1
7
0.25 0.75
0.25 1
7
0.25 0.75
0.5 1
2
0.5 0.75
0.75 0.75
3
0.5 0.75
0.25 1
7
0.5 0.75
0.5 1
7
0.5 0.75
0.75 1
3
0.75 0.75
1 0.75
3
0.75 0.75
0.5 1
7
0.75 0.75
0.75 1
7
0.75 0.75
1 1
3
1 0.75
1.25 0.75
3
1 0.75
0.75 1
7
1 0.75
1 1
8
1 0.75
1.25 1
3
1.25 0.75
1.5 0.75
3
1.25 0.75
1 1
2
1.25 0.75
1.25 1
8
1.25 0.75
1.5 1
3
1.5 0.75
1.75 0.75
4
1.5 0.75
1.25 1
2
1.5 0.75
1.5 1
8
1.5 0.75
1.75 1
3
1.75 0.75
2 0.75
4
1.75 0.75
1.5 1
2
1.75 0.75
1.75 1
8
1.75 0.75
2 1
3
2 0.75
2.25 0.75
4
2 0.75
1.75 1
2
2 0.75
2 1
8
2 0.75
2.25 1
3
2.25 0.75
2.5 0.75
4
2.25 0.75
2 1
2
2.25 0.75
2.25 1
8
2.25 0.75
2.5 1
3
2.5 0.75
2.75 0.75
5
2.5 0.75
2.25 1
3
2.5 0.75
2.5 1
9
2.5 0.75
2.75 1
4
2.75 0.75
3 0.75
5
2.75 0.75
2.5 1
3
2.75 0.75
2.75 1
9
2.75 0.75
3 1
4
3 0.75
3.25 0.75
5
3 0.75
2.75 1
3
3 0.75
3 1
8
3 0.75
3.25 1
3
3.25 0.75
3.5 0.75
5
3.25 0.75
3 1
4
3.25 0.75
3.25 1
9
3.25 0.75
3.5 1
3
3.5 0.75
3.75 0.75
4
3.5 0.75
3.25 1
4
3.5 0.75
3.5 1
9
3.5 0.75
3.75 1
3
3.75 0.75
4 0.75
4
3.75 0.75
3.5 1
3
3.75 0.75
3.75 1
8
3.75 0.75
4 1
2
4 0.75
4.25 0.75
4
4 0.75
3.75 1
3
4 0.75
4 1
8
4 0.75
4.25 1
2
4.25 0.75
4.5 0.75
4
4.25 0.75
4 1
3
4.25 0.75
4.25 1
8
4.25 0.75
4.5 1
2
4.5 0.75
4.75 0.75
3
4.5 0.75
4.25 1
3
4.5 0.75
4.5 1
8
4.5 0.75
4.75 1
2
4.75 0.75
5 0.75
3
4.75 0.75
4.5 1
3
4.75 0.75
4.75 1
8
4.75 0.75
5 1
2
5 0.75
5.25 0.75
3
5 0.75
4.75 1
3
5 0.75
5 1
8
5 0.75
5.25 1
7
5.25 0.75
5.5 0.75
3
5.25 0.75
5 1
3
5.25 0.75
5.25 1
7
5.25 0.75
5.5 1
7
5.5 0.75
5.75 0.75
2
5.5 0.75
5.25 1
3
5.5 0.75
5.5 1
7
5.5 0.75
5.75 1
7
5.75 0.75
6 0.75
2
5.75 0.75
5.5 1
2
5.75 0.75
5.75 1
7
5.75 0.75
6 1
7
6 0.75
5.75 1
2
6 0.75
6 1
0
0 1
0.25 1
2
0.25 1
0.5 1
3
0.5 1
0.75 1
3
0.75 1
1 1
4
1 1
1.25 1
4
1.25 1
1.5 1
5
1.5 1
1.75 1
6
1.75 1
2 1
6
2 1
2.25 1
6
2.25 1
2.5 1
6
2.5 1
2.75 1
6
2.75 1
3 1
6
3 1
3.25 1
6
3.25 1
3.5 1
6
3.5 1
3.75 1
6
3.75 1
4 1
6
4 1
4.25 1
6
4.25 1
4.5 1
6
4.5 1
4.75 1
5
4.75 1
5 1
4
5 1
5.25 1
4
5.25 1
5.5 1
3
5.5 1
5.75 1
3
5.75 1
6 1
2
END SCENE
